1
root
512
0
0
-1
-1
-1
5
-1
-1
-1
-1
-1
-1
-1
3
s19_a1.xsm
534
0
-1
-1
-1
-1
69
70
-1
-1
-1
-1
-1
-1
3
odd.xsm
120
0
-1
-1
-1
-1
71
-1
-1
-1
-1
-1
-1
-1
3
even.xsm
120
0
-1
-1
-1
-1
72
-1
-1
-1
-1
-1
-1
-1
3
prime.xsm
264
0
-1
-1
-1
-1
73
-1
-1
-1
-1
-1
-1
-1
3
s20_a1.xsm
170
0
-1
-1
-1
-1
74
-1
-1
-1
-1
-1
-1
-1
3
s20_a2.xsm
588
0
-1
-1
-1
-1
75
76
-1
-1
-1
-1
-1
-1
3
s22_a1.xsm
990
0
-1
-1
-1
-1
77
78
-1
-1
-1
-1
-1
-1
3
s21_a2.xsm
180
0
-1
-1
-1
-1
79
-1
-1
-1
-1
-1
-1
-1
3
s22_a2.xsm
280
0
-1
-1
-1
-1
80
-1
-1
-1
-1
-1
-1
-1
3
s22_a31.xsm
1150
0
-1
-1
-1
-1
81
82
83
-1
-1
-1
-1
-1
3
s22_a32.xsm
1930
0
-1
-1
-1
-1
84
85
86
87
-1
-1
-1
-1
3
pid.xsm
106
0
-1
-1
-1
-1
88
-1
-1
-1
-1
-1
-1
-1
3
child.xsm
328
0
-1
-1
-1
-1
89
-1
-1
-1
-1
-1
-1
-1
3
s23_a1.xsm
202
0
-1
-1
-1
-1
90
-1
-1
-1
-1
-1
-1
-1
3
s23_a2.xsm
308
0
-1
-1
-1
-1
91
-1
-1
-1
-1
-1
-1
-1
2
numbers.dat
2047
1
1
-1
-1
-1
92
93
94
95
-1
-1
-1
-1
2
sample.dat
18
1
1
-1
-1
-1
96
-1
-1
-1
-1
-1
-1
-1
3
s24_a2.xsm
510
0
-1
-1
-1
-1
97
-1
-1
-1
-1
-1
-1
-1
3
s24_a1.xsm
320
0
-1
-1
-1
-1
99
-1
-1
-1
-1
-1
-1
-1
3
s25_a1.xsm
668
0
-1
-1
-1
-1
98
100
-1
-1
-1
-1
-1
-1
-1
-1
0
-1
-1
-1
-1
-1
-1
-1
-1
-1
-1
-1
-1
-1
-1
-1
0
-1
-1
-1
-1
-1
-1
-1
-1
-1
-1
-1
-1
-1
-1
-1
0
-1
-1
-1
-1
-1
-1
-1
-1
-1
-1
-1
-1
-1
-1
-1
0
-1
-1
-1
-1
-1
-1
-1
-1
-1
-1
-1
-1
-1
-1
-1
0
-1
-1
-1
-1
-1
-1
-1
-1
-1
-1
-1
-1
-1
-1
-1
0
-1
-1
-1
-1
-1
-1
-1
-1
-1
-1
-1
-1
-1
-1
-1
0
-1
-1
-1
-1
-1
-1
-1
-1
-1
-1
-1
-1
-1
-1
-1
0
-1
-1
-1
-1
-1
-1
-1
-1
-1
-1
-1
-1
-1
-1
-1
0
-1
-1
-1
-1
-1
-1
-1
-1
-1
-1
-1
-1
-1
-1
-1
0
-1
-1
-1
-1
-1
-1
-1
-1
-1
-1
-1
-1
-1
-1
-1
0
-1
-1
-1
-1
-1
-1
-1
-1
-1
-1
-1
-1
-1
-1
-1
0
-1
-1
-1
-1
-1
-1
-1
-1
-1
-1
-1
-1
-1
-1
-1
0
-1
-1
-1
-1
-1
-1
-1
-1
-1
-1
-1
-1
-1
-1
-1
0
-1
-1
-1
-1
-1
-1
-1
-1
-1
-1
-1
-1
-1
-1
-1
0
-1
-1
-1
-1
-1
-1
-1
-1
-1
-1
-1
-1
-1
-1
-1
0
-1
-1
-1
-1
-1
-1
-1
-1
-1
-1
-1
-1
-1
-1
-1
0
-1
-1
-1
-1
-1
-1
-1
-1
-1
-1
-1
-1
-1
-1
-1
0
-1
-1
-1
-1
-1
-1
-1
-1
-1
-1
-1
-1
-1
-1
-1
0
-1
-1
-1
-1
-1
-1
-1
-1
-1
-1
-1
-1
-1
-1
-1
0
-1
-1
-1
-1
-1
-1
-1
-1
-1
-1
-1
-1
-1
-1
-1
0
-1
-1
-1
-1
-1
-1
-1
-1
-1
-1
-1
-1
-1
-1
-1
0
-1
-1
-1
-1
-1
-1
-1
-1
-1
-1
-1
-1
-1
-1
-1
0
-1
-1
-1
-1
-1
-1
-1
-1
-1
-1
-1
-1
-1
-1
-1
0
-1
-1
-1
-1
-1
-1
-1
-1
-1
-1
-1
-1
-1
-1
-1
0
-1
-1
-1
-1
-1
-1
-1
-1
-1
-1
-1
-1
-1
-1
-1
0
-1
-1
-1
-1
-1
-1
-1
-1
-1
-1
-1
-1
-1
-1
-1
0
-1
-1
-1
-1
-1
-1
-1
-1
-1
-1
-1
-1
-1
-1
-1
0
-1
-1
-1
-1
-1
-1
-1
-1
-1
-1
-1
-1
-1
-1
-1
0
-1
-1
-1
-1
-1
-1
-1
-1
-1
-1
-1
-1
-1
-1
-1
0
-1
-1
-1
-1
-1
-1
-1
-1
-1
-1
-1
-1
-1
-1
-1
0
-1
-1
-1
-1
-1
-1
-1
-1
-1
-1
-1
-1
-1
-1
-1
0
-1
-1
-1
-1
-1
-1
-1
-1
-1
-1
-1
-1
-1
-1
-1
0
-1
-1
-1
-1
-1
-1
-1
-1
-1
-1
-1
-1
-1
-1
-1
0
-1
-1
-1
-1
-1
-1
-1
-1
-1
-1
-1
-1
-1
-1
-1
0
-1
-1
-1
-1
-1
-1
-1
-1
-1
-1
-1
-1
-1
-1
-1
0
-1
-1
-1
-1
-1
-1
-1
-1
-1
-1
-1
-1
-1
-1
-1
0
-1
-1
-1
-1
-1
-1
-1
-1
-1
-1
-1
-1
-1
-1
-1
0
-1
-1
-1
-1
-1
-1
-1
-1
-1
-1
-1
-1
-1
-1
-1
0
-1
-1
-1
-1
-1
-1
-1
-1
-1
-1
-1
-1
-1
kernel
-1
root
452
-1
-1
-1
-1
-1
-1
-1
-1
-1
-1
-1
-1
-1
-1
-1
-1
-1
-1
-1
-1
-1
-1
-1
-1
-1
-1
-1
-1
-1
-1
-1
-1
-1
-1
-1
-1
-1
-1
-1
-1
-1
-1
-1
-1
-1
-1
-1
-1
-1
-1
-1
-1
-1
-1
-1
-1
-1
-1
-1
-1
